1 1 1 1 1 1 
NEW 3
NEW 13
10 9 12 
NEW 21
TOP
11 1 
12 10 8 17 21 5 20 20 4 15 
TOP
19 16 1 7 19 
NEW 30
NEW 34
TOP
TOP
TOP
15 34 2 28 12 32 
TOP
NEW 38
36 15 
22 16 
TOP
16 12 31 23 7 5 27 13 
9 34 36 30 
31 29 10 
NEW 45
NEW 52
4 1 47 20 19 32 7 48 50 
TOP
NEW 53
39 38 4 27 21 34 6 20 42 
37 
TOP
21 16 11 2 34 52 2 35 22 
2 
TOP
38 21 50 20 26 49 53 32 47 
50 4 15 14 43 35 29 1 37 41 
NEW 54
52 32 25 14 19 49 36 
NEW 60
28 1 42 54 48 33 42 17 36 46 
6 53 16 32 
3 11 4 53 27 34 45 13 15 
NEW 70
48 43 70 63 70 2 5 
NEW 74
57 50 
NEW 80
TOP
