NEW 8
TOP
NEW 14
TOP
TOP
NEW 14
2 10 5 12 7 
10 12 
7 6 2 4 6 1 3 13 5 
TOP
6 12 11 3 11 7 3 
TOP
4 4 5 13 13 12 8 5 4 
TOP
NEW 19
NEW 22
TOP
6 6 
2 13 11 14 21 13 12 4 
21 4 
6 15 19 4 5 13 5 
TOP
20 5 5 3 
10 10 13 18 
9 12 12 1 6 8 2 7 19 
15 8 2 3 10 22 16 7 
TOP
NEW 30
TOP
29 21 25 14 19 5 2 
22 16 26 13 18 14 19 25 6 
16 16 4 19 12 8 19 5 19 18 
1 9 22 11 13 16 13 11 29 
4 8 12 14 24 10 28 4 17 
TOP
TOP
6 16 12 24 25 4 
4 16 28 17 1 
21 30 9 24 7 13 8 30 22 
TOP
1 1 27 16 7 4 20 22 21 15 
19 1 12 5 23 
13 13 24 29 19 
18 19 2 13 10 2 
TOP
TOP
TOP
