1 1 1 1 1 1 
TOP
1 1 1 1 1 1 1 1 
NEW 11
1 1 10 10 7 7 9 4 10 8 
NEW 14
NEW 19
TOP
TOP
NEW 24
NEW 24
TOP
5 16 
13 8 21 12 12 20 23 8 
TOP
TOP
10 18 7 18 
22 23 14 20 4 23 24 22 11 20 
TOP
TOP
NEW 32
5 20 
TOP
13 4 17 10 21 2 32 
NEW 42
28 13 16 1 21 14 17 13 21 
16 
3 
42 30 20 28 
TOP
NEW 49
TOP
4 35 34 25 28 2 20 28 37 
40 14 9 
42 20 37 18 20 
NEW 58
18 9 37 52 22 15 44 39 19 45 
12 39 14 58 18 15 57 31 54 41 
55 56 3 41 58 
NEW 60
40 33 14 22 44 24 48 54 
NEW 67
NEW 75
TOP
43 48 46 55 25 27 31 
NEW 82
NEW 84
