TOP
NEW 5
NEW 6
TOP
3 4 2 6 6 3 5 2 3 5 
NEW 16
TOP
NEW 24
16 21 16 20 17 1 17 
NEW 31
NEW 32
TOP
TOP
14 24 9 13 32 
TOP
TOP
NEW 36
NEW 45
TOP
36 36 15 12 1 19 14 
30 26 11 12 31 28 3 11 11 
42 8 44 26 19 
2 39 41 10 36 38 24 
43 
TOP
NEW 52
41 13 1 10 23 47 29 25 45 12 
7 
NEW 56
15 49 21 7 
33 25 32 45 
29 
49 52 24 19 55 52 44 11 43 
NEW 56
TOP
55 30 
TOP
39 46 28 16 54 3 
17 16 47 11 
35 
14 38 51 
TOP
25 1 34 8 
NEW 56
NEW 66
61 57 49 43 19 58 8 
NEW 76
57 2 
52 57 67 36 67 11 64 
71 28 49 5 31 48 27 41 
