NEW 5
4 5 3 5 2 4 5 5 3 3 
4 5 2 
TOP
2 
NEW 12
7 7 12 
TOP
12 
9 5 8 9 1 1 
10 
11 1 1 
11 4 
TOP
TOP
NEW 22
12 2 12 16 13 13 12 19 
22 
22 13 13 4 19 3 8 17 17 
20 7 3 7 17 12 20 
9 20 4 21 9 21 
20 15 4 17 
TOP
21 16 4 15 8 11 13 5 17 
NEW 30
15 
NEW 34
30 14 6 4 10 33 31 15 22 
TOP
31 28 27 17 10 27 7 19 21 13 
28 10 16 31 2 8 
29 9 8 5 15 
2 32 25 7 3 26 8 
8 33 28 28 19 29 15 13 12 4 
TOP
TOP
NEW 41
TOP
NEW 43
NEW 45
23 44 18 
11 3 39 31 
TOP
NEW 47
16 3 
1 35 30 17 41 
TOP
36 2 9 21 
TOP
