NEW 6
3 5 3 
NEW 15
TOP
NEW 16
11 10 10 8 15 
11 15 
14 15 16 
TOP
NEW 24
NEW 26
NEW 33
22 28 
TOP
13 
NEW 34
NEW 40
37 31 23 15 6 2 9 35 8 
TOP
39 8 6 40 11 24 24 25 39 32 
39 33 25 40 39 13 1 28 35 
40 16 
23 3 16 4 1 23 
TOP
24 7 18 22 
NEW 41
3 24 39 13 21 9 
7 21 15 1 9 
32 9 16 37 7 1 40 20 15 
NEW 42
7 4 
16 20 5 30 
TOP
38 32 
14 12 13 35 17 1 25 36 
TOP
NEW 49
10 44 30 9 45 
TOP
12 
31 3 1 5 21 28 1 13 
24 41 48 13 39 42 14 39 
4 
TOP
12 30 28 20 42 8 1 23 10 6 
33 32 47 6 44 
NEW 58
14 48 4 26 44 2 1 12 27 20 
6 
