TOP
NEW 2
NEW 11
TOP
6 4 2 5 4 1 
NEW 16
NEW 18
13 16 6 
TOP
14 10 9 12 12 
NEW 25
14 25 22 24 15 11 25 22 23 
4 24 1 17 18 16 9 25 21 
NEW 28
23 
NEW 34
34 8 25 31 1 18 
NEW 43
TOP
27 9 3 2 18 18 
19 29 14 43 15 15 42 
NEW 53
33 46 17 
TOP
50 53 4 24 37 37 20 19 26 36 
16 20 1 30 33 11 13 33 52 
TOP
TOP
20 29 7 47 49 43 23 48 46 
NEW 60
TOP
19 37 51 37 60 50 55 32 
NEW 67
16 45 25 53 47 25 
41 
NEW 69
NEW 75
67 64 70 49 37 23 1 
NEW 83
22 12 5 9 73 57 77 45 51 50 
NEW 87
NEW 97
TOP
TOP
NEW 103
53 74 86 26 
NEW 109
